,Price,Year,Miles,Litres,BHP,Owners,ULEZ,2+_Owners,1_Owner,Type_Estate,Type_Hatchback,Type_Saloon,Transmission_Automatic,Transmission_Manual,Fuel_Diesel,Fuel_Petrol
0,550.0,2007,105030.0,1.6,99,9.0,1,1,0,0,1,0,0,1,0,1
1,750.0,2008,161000.0,1.6,108,4.0,0,1,0,0,1,0,0,1,1,0
2,829.0,2003,79000.0,1.6,99,3.0,0,1,0,1,0,0,0,1,0,1
3,895.0,2002,87293.0,1.6,113,1.0,0,0,1,0,1,0,0,1,0,1
4,800.0,2003,78453.0,1.6,99,3.0,0,1,0,0,1,0,1,0,0,1
5,1455.0,2005,121010.0,2.0,134,5.0,0,1,0,0,1,0,0,1,1,0
6,750.0,2001,150000.0,1.6,99,5.0,0,1,0,0,1,0,0,1,0,1
7,650.0,2004,139000.0,1.6,99,4.0,0,1,0,0,1,0,0,1,0,1
8,995.0,2002,66000.0,1.6,99,3.0,0,1,0,0,1,0,0,1,0,1
9,995.0,2007,98478.0,1.6,99,3.0,1,1,0,1,0,0,0,1,0,1
10,995.0,2005,133000.0,1.8,113,3.0,0,1,0,0,1,0,0,1,1,0
11,1500.0,2001,70500.0,1.6,99,3.0,0,1,0,0,1,0,1,0,0,1
12,550.0,2001,155000.0,2.0,128,3.0,0,1,0,0,0,1,0,1,0,1
13,1295.0,2002,73680.0,1.6,128,3.0,0,1,0,0,1,0,1,0,0,1
14,550.0,2000,458.0,1.6,99,6.0,0,1,0,0,1,0,1,0,0,1
15,995.0,2001,187000.0,1.8,89,3.0,0,1,0,1,0,0,0,1,1,0
16,1290.0,2004,57618.0,1.6,99,4.0,0,1,0,0,1,0,0,1,0,1
17,1380.0,2002,83300.0,1.6,99,2.0,0,1,0,0,1,0,0,1,0,1
18,1375.0,2010,140319.0,1.6,89,6.0,1,1,0,0,1,0,0,1,1,0
19,1290.0,2006,115000.0,1.6,113,4.0,1,1,0,0,1,0,0,1,0,1
20,995.0,2003,85000.0,1.6,99,1.0,0,0,1,0,1,0,0,1,0,1
21,790.0,2007,121000.0,1.8,113,4.0,0,1,0,0,1,0,0,1,1,0
22,1000.0,2008,127000.0,1.8,123,3.0,1,1,0,0,1,0,0,1,0,1
23,1275.0,2005,119500.0,1.6,99,3.0,1,1,0,0,1,0,0,1,0,1
24,1499.0,2008,111000.0,2.0,143,4.0,1,1,0,0,1,0,0,1,0,1
25,875.0,2005,109000.0,1.8,113,5.0,0,1,0,0,1,0,0,1,0,1
26,1495.0,2007,106569.0,1.8,123,3.0,1,1,0,0,1,0,0,1,0,1
27,625.0,2001,102128.0,1.6,99,3.0,0,1,0,0,1,0,0,1,0,1
28,847.0,2007,120000.0,1.8,123,2.0,1,1,0,0,1,0,0,1,0,1
29,595.0,2007,125000.0,1.8,123,3.0,1,1,0,0,1,0,0,1,0,1
30,995.0,2002,109000.0,1.6,99,3.0,0,1,0,0,1,0,0,1,0,1
31,650.0,2006,160000.0,1.6,99,3.0,1,1,0,0,1,0,0,1,0,1
32,1195.0,2005,100000.0,2.0,143,4.0,1,1,0,0,1,0,1,0,0,1
33,995.0,2006,142000.0,2.0,134,4.0,0,1,0,1,0,0,0,1,1,0
34,599.0,2004,113473.0,2.0,128,4.0,0,1,0,0,1,0,0,1,0,1
35,895.0,2007,88000.0,1.8,123,3.0,1,1,0,0,1,0,0,1,0,1
36,995.0,2006,121600.0,1.8,123,4.0,1,1,0,0,1,0,0,1,0,1
37,899.0,2006,112820.0,1.6,113,5.0,1,1,0,0,1,0,0,1,0,1
38,900.0,2007,136000.0,1.6,99,3.0,1,1,0,0,1,0,0,1,0,1
39,1000.0,2004,104000.0,2.0,128,4.0,0,1,0,0,1,0,1,0,0,1
40,1490.0,2007,82094.0,1.6,113,3.0,1,1,0,0,1,0,0,1,0,1
41,795.0,2002,56000.0,1.8,113,3.0,0,1,0,0,1,0,0,1,0,1
42,1050.0,2007,127218.0,1.6,99,4.0,1,1,0,0,1,0,0,1,0,1
43,895.0,2007,111000.0,1.6,99,3.0,1,1,0,0,1,0,0,1,0,1
44,595.0,2006,132000.0,1.6,113,4.0,1,1,0,0,1,0,0,1,0,1
45,1495.0,2007,74000.0,1.6,113,3.0,1,1,0,0,1,0,0,1,0,1
46,995.0,2006,110000.0,1.6,108,4.0,0,1,0,0,1,0,0,1,1,0
47,587.0,2003,150000.0,1.6,99,7.0,0,1,0,0,1,0,0,1,0,1
48,550.0,2005,116000.0,1.6,99,2.0,0,1,0,0,1,0,0,1,0,1
49,690.0,2003,113922.0,1.6,99,4.0,0,1,0,0,1,0,1,0,0,1
50,1000.0,2005,112000.0,1.6,99,2.0,1,1,0,0,1,0,0,1,0,1
51,895.0,2007,116000.0,1.8,123,3.0,1,1,0,0,1,0,0,1,0,1
52,795.0,2005,91132.0,1.6,99,4.0,0,1,0,0,1,0,0,1,0,1
53,999.0,2006,95143.0,1.6,99,3.0,1,1,0,0,1,0,0,1,0,1
54,580.0,2007,65441.0,1.6,99,2.0,1,1,0,0,1,0,0,1,0,1
55,980.0,2002,78000.0,2.0,128,3.0,0,1,0,0,0,1,0,1,0,1
56,995.0,2007,120202.0,1.8,123,3.0,1,1,0,0,1,0,0,1,0,1
57,850.0,2007,133000.0,2.0,134,3.0,0,1,0,0,1,0,0,1,1,0
58,840.0,2003,101000.0,1.6,99,4.0,0,1,0,0,0,1,1,0,0,1
59,1390.0,2006,118000.0,1.6,113,4.0,1,1,0,0,1,0,0,1,0,1
60,750.0,2002,79000.0,1.6,99,3.0,0,1,0,0,1,0,0,1,0,1
61,650.0,2001,111900.0,1.8,113,4.0,0,1,0,1,0,0,0,1,0,1
62,850.0,2006,110000.0,1.6,99,4.0,1,1,0,0,1,0,0,1,0,1
63,1000.0,2006,109191.0,1.6,99,3.0,1,1,0,0,1,0,0,1,0,1
64,799.0,2001,113000.0,1.6,99,3.0,0,1,0,0,1,0,0,1,0,1
65,600.0,2004,93200.0,2.0,128,5.0,0,1,0,0,1,0,0,1,0,1
66,1485.0,2007,84000.0,1.6,108,3.0,0,1,0,0,1,0,0,1,1,0
67,950.0,2002,94550.0,1.6,99,2.0,0,1,0,0,1,0,1,0,0,1
68,1295.0,2007,92000.0,1.8,123,3.0,1,1,0,0,1,0,0,1,0,1
69,1450.0,2009,164000.0,1.6,108,3.0,0,1,0,1,0,0,0,1,1,0
70,1000.0,2004,84000.0,2.0,128,4.0,0,1,0,0,1,0,0,1,0,1
71,1195.0,2007,104000.0,1.8,113,3.0,0,1,0,0,1,0,0,1,1,0
72,800.0,2007,120289.0,1.6,99,3.0,1,1,0,0,1,0,0,1,0,1
73,1495.0,2006,114000.0,1.8,113,4.0,0,1,0,0,1,0,0,1,1,0
74,950.0,2006,101000.0,1.8,123,4.0,1,1,0,0,1,0,0,1,0,1
75,695.0,2004,136148.0,1.6,99,4.0,0,1,0,0,1,0,0,1,0,1
76,850.0,2007,102000.0,1.6,89,3.0,0,1,0,0,1,0,0,1,1,0
77,1295.0,2009,117000.0,1.6,99,3.0,1,1,0,0,1,0,0,1,0,1
78,695.0,2004,117000.0,1.8,113,2.0,0,1,0,1,0,0,0,1,0,1
79,1290.0,2008,102200.0,1.6,99,3.0,1,1,0,1,0,0,0,1,0,1
80,900.0,2004,99786.0,1.6,99,4.0,0,1,0,0,1,0,1,0,0,1
81,599.0,2001,139000.0,1.8,113,2.0,0,1,0,0,1,0,0,1,0,1
82,595.0,2004,98790.0,1.6,99,4.0,0,1,0,0,1,0,0,1,0,1
83,1495.0,2005,46814.0,1.8,113,1.0,0,0,1,0,1,0,0,1,0,1
84,950.0,2005,150000.0,1.6,100,4.0,1,1,0,1,0,0,0,1,0,1
85,590.0,2004,122400.0,1.6,99,4.0,0,1,0,0,1,0,0,1,0,1
86,1095.0,2006,111000.0,1.6,113,3.0,1,1,0,0,1,0,0,1,0,1
87,995.0,2006,108000.0,1.6,113,4.0,1,1,0,0,1,0,0,1,0,1
88,1450.0,2005,97000.0,2.0,171,4.0,0,1,0,0,1,0,0,1,0,1
89,1250.0,2005,89817.0,1.6,99,4.0,1,1,0,0,1,0,0,1,0,1
90,990.0,2007,70000.0,1.6,113,3.0,1,1,0,0,1,0,0,1,0,1
91,995.0,2004,85000.0,1.6,99,1.0,0,0,1,0,1,0,0,1,0,1
92,1490.0,2005,92820.0,1.6,108,2.0,0,1,0,1,0,0,0,1,1,0
93,1195.0,2008,116000.0,1.6,99,3.0,1,1,0,0,1,0,1,0,0,1
94,1189.0,2006,115000.0,1.8,113,4.0,0,1,0,0,1,0,0,1,1,0
95,1395.0,2007,104000.0,1.8,113,3.0,0,1,0,1,0,0,0,1,1,0
96,1500.0,2009,118000.0,1.6,99,5.0,1,1,0,0,1,0,0,1,0,1
97,795.0,2004,140000.0,1.8,113,4.0,0,1,0,0,1,0,0,1,1,0
98,995.0,2007,121577.0,1.8,123,3.0,1,1,0,0,1,0,0,1,0,1
99,1050.0,2005,117700.0,1.6,99,4.0,1,1,0,0,1,0,0,1,0,1
100,550.0,1999,157628.0,2.0,128,2.0,0,1,0,0,1,0,0,1,0,1
101,1190.0,2001,62000.0,1.8,113,3.0,0,1,0,0,1,0,0,1,0,1
102,1495.0,2008,120000.0,1.6,99,3.0,1,1,0,0,1,0,0,1,0,1
103,900.0,2005,100000.0,1.6,99,4.0,1,1,0,0,1,0,0,1,0,1
104,699.0,2004,95000.0,1.6,99,4.0,0,1,0,0,1,0,0,1,0,1
105,895.0,2002,84307.0,1.6,99,3.0,0,1,0,0,1,0,0,1,0,1
106,940.0,2005,108436.0,1.8,113,4.0,0,1,0,0,1,0,0,1,0,1
107,1195.0,2006,110000.0,1.8,113,4.0,0,1,0,1,0,0,0,1,1,0
108,660.0,2006,157878.0,2.0,134,3.0,0,1,0,0,1,0,0,1,1,0
109,1099.0,2006,95000.0,1.8,123,4.0,1,1,0,0,1,0,0,1,0,1
110,590.0,2002,44000.0,1.6,99,6.0,0,1,0,0,1,0,0,1,0,1
111,990.0,2007,105000.0,1.8,113,3.0,0,1,0,0,1,0,0,1,1,0
112,1490.0,2009,143816.0,1.6,108,2.0,0,1,0,0,1,0,0,1,1,0
113,799.0,2004,94500.0,1.6,99,4.0,0,1,0,0,1,0,0,1,0,1
114,695.0,2005,106000.0,1.6,113,4.0,1,1,0,0,1,0,0,1,0,1
115,1295.0,2007,53000.0,1.4,80,3.0,0,1,0,0,1,0,0,1,0,1
116,1295.0,2006,90000.0,1.4,79,4.0,1,1,0,0,1,0,0,1,0,1
117,795.0,2007,100000.0,1.6,113,2.0,1,1,0,0,1,0,0,1,0,1
118,595.0,2006,136400.0,1.8,113,4.0,0,1,0,0,1,0,0,1,1,0
119,1195.0,2006,115500.0,2.0,143,3.0,1,1,0,0,1,0,0,1,0,1
120,1000.0,2005,143000.0,1.6,99,4.0,1,1,0,0,1,0,0,1,0,1
121,895.0,2001,80000.0,1.8,113,2.0,0,1,0,0,1,0,0,1,0,1
122,1500.0,2007,112795.0,1.6,108,3.0,0,1,0,0,1,0,0,1,1,0
123,895.0,2007,130000.0,1.6,108,3.0,0,1,0,1,0,0,0,1,1,0
124,895.0,2001,84000.0,2.0,128,3.0,0,1,0,1,0,0,0,1,0,1
125,1095.0,2005,143000.0,1.6,113,4.0,1,1,0,0,1,0,0,1,0,1
126,650.0,2002,155722.0,2.0,128,2.0,0,1,0,1,0,0,0,1,0,1
127,795.0,2006,121000.0,1.6,116,4.0,1,1,0,0,1,0,0,1,0,1
128,890.0,2005,152000.0,1.6,113,5.0,1,1,0,0,1,0,0,1,0,1
129,1295.0,2001,65000.0,1.6,99,3.0,0,1,0,0,1,0,0,1,0,1
130,690.0,2004,61593.0,1.6,99,4.0,0,1,0,0,1,0,0,1,0,1
131,1495.0,2007,75000.0,1.6,113,3.0,1,1,0,0,1,0,0,1,0,1
132,995.0,2008,117000.0,1.8,123,4.0,1,1,0,0,1,0,0,1,0,1
133,500.0,2004,133573.0,1.6,99,4.0,0,1,0,0,1,0,0,1,0,1
134,1000.0,2002,71000.0,1.8,113,5.0,0,1,0,1,0,0,0,1,0,1
135,1499.0,2007,105000.0,1.6,113,3.0,1,1,0,0,1,0,0,1,0,1
136,995.0,2005,71000.0,1.6,113,5.0,1,1,0,0,1,0,0,1,0,1
137,1000.0,2006,127000.0,1.6,116,4.0,1,1,0,0,1,0,0,1,0,1
138,1500.0,2008,120000.0,1.6,99,3.0,1,1,0,0,1,0,0,1,0,1
139,895.0,2003,60270.0,1.6,99,4.0,0,1,0,0,1,0,0,1,0,1
140,990.0,2007,105000.0,1.8,113,3.0,0,1,0,0,1,0,0,1,1,0
141,595.0,2007,140000.0,1.8,113,5.0,0,1,0,0,1,0,0,1,1,0
142,895.0,2003,92000.0,1.8,113,4.0,0,1,0,0,1,0,0,1,0,1
143,950.0,2006,160000.0,1.6,113,3.0,1,1,0,0,1,0,0,1,0,1
144,1250.0,2006,115000.0,1.8,113,4.0,0,1,0,0,1,0,0,1,1,0
145,895.0,2004,93551.0,1.6,99,4.0,0,1,0,0,1,0,0,1,0,1
146,1095.0,2002,67000.0,1.6,99,3.0,0,1,0,0,1,0,1,0,0,1
147,999.0,2000,102000.0,1.6,99,3.0,0,1,0,0,1,0,1,0,0,1
148,1295.0,2007,53000.0,1.4,80,3.0,0,1,0,0,1,0,0,1,0,1
149,1499.0,2005,78582.0,1.6,99,4.0,1,1,0,0,1,0,1,0,0,1
150,990.0,2007,85000.0,1.8,123,2.0,1,1,0,0,1,0,0,1,0,1
151,850.0,2007,99000.0,1.6,105,3.0,0,1,0,0,1,0,0,1,0,1
152,850.0,2003,96000.0,1.6,99,4.0,0,1,0,0,1,0,0,1,0,1
153,1295.0,2007,115000.0,1.6,99,5.0,1,1,0,0,1,0,0,1,0,1
154,750.0,2004,143000.0,1.6,99,4.0,0,1,0,0,1,0,0,1,0,1
155,1295.0,2005,73000.0,1.8,113,1.0,0,0,1,0,1,0,0,1,0,1
156,1095.0,2007,87000.0,1.8,123,2.0,1,1,0,0,1,0,0,1,0,1
157,1495.0,2008,132000.0,1.8,113,5.0,0,1,0,1,0,0,0,1,1,0
158,1499.0,2005,78800.0,1.6,113,4.0,1,1,0,0,1,0,0,1,0,1
159,795.0,2003,79000.0,1.4,74,5.0,0,1,0,0,1,0,0,1,0,1
160,595.0,2006,136400.0,1.8,113,4.0,0,1,0,0,1,0,0,1,1,0
161,525.0,1999,88050.0,1.8,113,5.0,0,1,0,0,1,0,0,1,0,1
162,1490.0,2007,138541.0,1.8,114,3.0,0,1,0,0,1,0,0,1,1,0
163,845.0,2002,99000.0,1.4,74,3.0,0,1,0,0,1,0,0,1,0,1
164,895.0,2007,130000.0,1.6,105,3.0,0,1,0,0,1,0,0,1,0,1
165,1495.0,2003,91131.0,1.4,74,4.0,0,1,0,0,1,0,0,1,0,1
166,1199.0,2004,61000.0,1.6,99,3.0,0,1,0,0,1,0,1,0,0,1
167,750.0,2001,150000.0,1.6,99,5.0,0,1,0,0,1,0,0,1,0,1
168,895.0,2007,130000.0,1.6,108,3.0,0,1,0,1,0,0,0,1,1,0
169,1495.0,2006,135000.0,1.6,108,4.0,0,1,0,0,1,0,0,1,1,0
170,895.0,2003,92000.0,1.8,113,4.0,0,1,0,0,1,0,0,1,0,1
171,950.0,2006,160000.0,1.6,113,3.0,1,1,0,0,1,0,0,1,0,1
172,1250.0,2006,115000.0,1.8,113,4.0,0,1,0,0,1,0,0,1,1,0
173,895.0,2004,93551.0,1.6,99,4.0,0,1,0,0,1,0,0,1,0,1
174,1095.0,2002,67000.0,1.6,99,3.0,0,1,0,0,1,0,1,0,0,1
175,999.0,2000,102000.0,1.6,99,3.0,0,1,0,0,1,0,1,0,0,1
176,695.0,2000,80000.0,1.6,99,3.0,0,1,0,0,1,0,1,0,0,1
177,1499.0,2005,78582.0,1.6,99,4.0,1,1,0,0,1,0,1,0,0,1
178,690.0,2005,137020.0,1.6,99,4.0,0,1,0,0,1,0,0,1,0,1
179,1195.0,2004,119694.0,1.6,99,3.0,0,1,0,0,1,0,0,1,0,1
180,600.0,2007,160270.0,1.6,108,5.0,0,1,0,0,1,0,0,1,1,0
181,890.0,2002,69000.0,1.6,99,3.0,0,1,0,0,1,0,0,1,0,1
182,995.0,2004,181000.0,1.8,89,4.0,0,1,0,1,0,0,0,1,1,0
183,800.0,2005,61000.0,1.8,113,3.0,0,1,0,0,1,0,0,1,0,1
184,995.0,2005,112000.0,1.6,113,4.0,1,1,0,0,1,0,0,1,0,1
185,1499.0,2005,99000.0,1.6,99,4.0,1,1,0,0,1,0,1,0,0,1
186,595.0,2002,130000.0,1.6,99,7.0,0,1,0,0,1,0,0,1,0,1
187,999.0,2002,112000.0,2.0,128,3.0,0,1,0,0,1,0,1,0,0,1
188,994.0,2005,110000.0,1.6,113,3.0,1,1,0,0,0,1,0,1,0,1
189,1350.0,2006,94500.0,1.6,99,2.0,1,1,0,0,1,0,0,1,0,1
190,690.0,2008,94000.0,2.0,134,3.0,0,1,0,1,0,0,0,1,1,0
191,999.0,2008,140000.0,1.8,123,4.0,1,1,0,0,1,0,0,1,0,1
192,1490.0,2005,81000.0,2.0,143,7.0,1,1,0,0,0,1,0,1,0,1
193,525.0,1999,88050.0,1.8,113,5.0,0,1,0,0,1,0,0,1,0,1
194,1490.0,2007,138541.0,1.8,114,3.0,0,1,0,0,1,0,0,1,1,0
195,670.0,2007,152000.0,1.6,108,4.0,0,1,0,0,1,0,0,1,1,0
196,845.0,2002,99000.0,1.4,74,3.0,0,1,0,0,1,0,0,1,0,1
197,895.0,2007,130000.0,1.6,105,3.0,0,1,0,0,1,0,0,1,0,1
198,1495.0,2003,91131.0,1.4,74,4.0,0,1,0,0,1,0,0,1,0,1
199,1385.0,2005,90000.0,1.6,113,8.0,1,1,0,0,1,0,0,1,0,1
200,1199.0,2004,61000.0,1.6,99,3.0,0,1,0,0,1,0,1,0,0,1
201,1495.0,2006,135000.0,1.6,108,4.0,0,1,0,0,1,0,0,1,1,0
202,1195.0,2006,140000.0,1.6,99,2.0,1,1,0,0,1,0,1,0,0,1
203,1390.0,2003,83000.0,2.0,171,5.0,0,1,0,0,1,0,0,1,0,1
204,1495.0,2008,138000.0,1.8,123,3.0,1,1,0,0,1,0,0,1,0,1
205,750.0,2004,107000.0,1.6,99,3.0,0,1,0,0,1,0,0,1,0,1
206,590.0,2007,116000.0,1.6,113,3.0,1,1,0,0,1,0,0,1,0,1
207,990.0,2003,62000.0,1.6,99,4.0,0,1,0,0,1,0,1,0,0,1
208,960.0,2005,113700.0,1.6,113,4.0,1,1,0,0,1,0,0,1,0,1
209,795.0,2003,95000.0,1.6,99,4.0,0,1,0,0,1,0,0,1,0,1
210,1295.0,2004,82612.0,1.8,113,3.0,0,1,0,0,1,0,0,1,0,1
211,1150.0,2005,87960.0,1.6,99,2.0,1,1,0,0,1,0,0,1,0,1
212,1250.0,2006,89000.0,1.6,99,4.0,1,1,0,0,1,0,0,1,0,1
213,995.0,2004,102788.0,1.6,99,2.0,0,1,0,1,0,0,0,1,0,1
214,1490.0,2004,45000.0,1.6,99,2.0,0,1,0,0,0,1,0,1,0,1
215,540.0,2005,122846.0,1.6,99,4.0,0,1,0,0,1,0,0,1,0,1
216,1095.0,2007,90000.0,1.8,123,5.0,1,1,0,0,1,0,0,1,0,1
217,990.0,2007,79887.0,1.8,123,3.0,1,1,0,0,1,0,0,1,0,1
218,990.0,2007,144000.0,1.8,123,2.0,1,1,0,1,0,0,0,1,0,1
219,1220.0,2008,97573.0,1.8,123,1.0,1,0,1,0,1,0,0,1,0,1
220,900.0,2004,114500.0,1.6,99,4.0,0,1,0,0,1,0,1,0,0,1
221,1250.0,2008,151000.0,1.6,107,3.0,0,1,0,1,0,0,0,1,1,0
222,1295.0,2006,92000.0,1.6,113,4.0,1,1,0,0,1,0,0,1,0,1
223,1249.0,2001,65241.0,1.6,99,2.0,0,1,0,0,1,0,1,0,0,1
224,1495.0,2008,105000.0,1.6,99,2.0,1,1,0,0,1,0,0,1,0,1
225,649.0,1999,85000.0,1.8,113,2.0,0,1,0,0,1,0,0,1,0,1
226,1190.0,2004,94999.0,1.6,99,4.0,0,1,0,0,1,0,1,0,0,1
227,1399.0,2005,66280.0,1.6,99,2.0,1,1,0,0,1,0,0,1,0,1
228,790.0,2001,45651.0,1.6,99,1.0,0,0,1,1,0,0,1,0,0,1
229,895.0,2004,104900.0,1.8,89,5.0,0,1,0,0,1,0,0,1,1,0
230,990.0,2006,72727.0,1.6,99,3.0,1,1,0,0,1,0,0,1,0,1
231,990.0,2006,116000.0,1.6,113,2.0,1,1,0,0,1,0,0,1,0,1
232,995.0,2002,104000.0,1.8,99,3.0,0,1,0,0,0,1,0,1,1,0
233,1500.0,2009,116000.0,1.6,99,4.0,1,1,0,0,1,0,0,1,0,1
234,995.0,2010,85000.0,1.6,99,4.0,1,1,0,0,1,0,0,1,0,1
235,799.0,2005,91000.0,1.8,113,4.0,0,1,0,0,1,0,0,1,0,1
236,995.0,2005,114000.0,1.4,74,3.0,0,1,0,0,1,0,0,1,0,1
237,695.0,2001,148979.0,1.6,99,1.0,0,0,1,0,1,0,0,1,0,1
238,995.0,2003,110000.0,1.6,99,5.0,0,1,0,0,1,0,0,1,0,1
239,1189.0,2005,130000.0,1.6,99,4.0,1,1,0,0,1,0,1,0,0,1
240,1290.0,2002,78600.0,1.6,99,3.0,0,1,0,0,1,0,1,0,0,1
241,1250.0,2001,86000.0,1.6,99,2.0,0,1,0,0,1,0,1,0,0,1
242,995.0,2003,119000.0,1.8,113,4.0,0,1,0,0,1,0,0,1,0,1
243,1250.0,2003,62000.0,1.6,99,4.0,0,1,0,0,1,0,1,0,0,1
244,790.0,2006,105179.0,1.6,99,3.0,1,1,0,0,1,0,0,1,0,1
245,1289.0,2007,98000.0,1.6,113,3.0,1,1,0,0,1,0,0,1,0,1
246,1475.0,2005,88746.0,1.6,99,1.0,1,0,1,0,1,0,1,0,0,1
247,995.0,2004,110500.0,1.8,113,4.0,0,1,0,0,1,0,0,1,1,0
248,695.0,2003,100000.0,1.8,99,3.0,0,1,0,0,1,0,0,1,1,0
249,975.0,2006,118000.0,1.6,113,4.0,1,1,0,0,1,0,0,1,0,1
250,1500.0,2006,111550.0,1.6,99,3.0,1,1,0,0,1,0,1,0,0,1
251,1499.0,2006,80000.0,1.8,123,4.0,1,1,0,0,1,0,0,1,0,1
252,995.0,2002,98400.0,1.6,99,3.0,0,1,0,0,1,0,1,0,0,1
253,995.0,2008,128956.0,1.8,113,3.0,0,1,0,0,1,0,0,1,1,0
254,699.0,2007,150000.0,1.6,99,1.0,1,0,1,0,1,0,0,1,0,1
255,590.0,2007,98000.0,1.8,113,3.0,0,1,0,0,1,0,0,1,1,0
256,1495.0,2010,120000.0,1.6,99,2.0,1,1,0,1,0,0,0,1,0,1
257,1250.0,2006,124679.0,1.8,123,1.0,1,0,1,0,1,0,0,1,0,1
258,995.0,1999,83000.0,2.0,128,3.0,0,1,0,0,0,1,0,1,0,1
259,1000.0,2007,115000.0,1.6,113,5.0,1,1,0,0,1,0,0,1,0,1
260,1190.0,2004,175000.0,2.0,171,4.0,0,1,0,0,1,0,0,1,0,1
261,1385.0,2007,91872.0,1.6,113,1.0,1,0,1,0,1,0,0,1,0,1
262,1095.0,2006,83500.0,1.6,99,3.0,1,1,0,0,1,0,0,1,0,1
263,795.0,2003,99000.0,1.8,113,4.0,0,1,0,0,1,0,0,1,1,0
264,1490.0,2008,66800.0,1.8,123,3.0,1,1,0,0,1,0,0,1,0,1
265,995.0,2006,99000.0,1.6,99,5.0,1,1,0,0,1,0,0,1,0,1
266,650.0,2006,93000.0,2.0,134,4.0,0,1,0,0,1,0,0,1,1,0
267,800.0,2002,95000.0,1.6,99,2.0,0,1,0,0,1,0,0,1,0,1
268,699.0,2006,157000.0,1.8,113,5.0,0,1,0,0,1,0,0,1,1,0
269,795.0,2007,126232.0,1.6,113,3.0,1,1,0,0,1,0,0,1,0,1
270,1200.0,2003,72000.0,2.0,128,9.0,0,1,0,0,1,0,1,0,0,1
271,999.0,2009,164000.0,1.6,89,5.0,0,1,0,0,1,0,0,1,1,0
272,1400.0,2007,91417.0,1.8,123,3.0,1,1,0,0,1,0,0,1,0,1
273,890.0,2007,121074.0,1.8,113,3.0,0,1,0,0,1,0,0,1,1,0
274,1489.0,2009,105000.0,1.4,79,3.0,1,1,0,0,1,0,0,1,0,1
275,850.0,2005,111037.0,1.6,113,5.0,1,1,0,0,1,0,0,1,0,1
276,595.0,2002,75000.0,1.6,99,2.0,0,1,0,0,1,0,0,1,0,1
277,990.0,2006,50000.0,1.6,99,4.0,1,1,0,0,1,0,0,1,0,1
278,1490.0,2007,109100.0,1.6,108,3.0,0,1,0,0,1,0,0,1,1,0
279,995.0,2005,133000.0,1.8,113,3.0,0,1,0,0,1,0,0,1,1,0
280,590.0,2002,83500.0,1.6,99,2.0,0,1,0,0,1,0,0,1,0,1
281,1500.0,2008,100000.0,1.6,99,3.0,1,1,0,1,0,0,0,1,0,1
282,1390.0,2007,124000.0,1.6,108,2.0,0,1,0,0,1,0,0,1,1,0
283,1200.0,2007,103901.0,1.6,113,2.0,1,1,0,0,1,0,0,1,0,1
284,990.0,2007,120000.0,1.6,99,3.0,1,1,0,0,1,0,0,1,0,1
285,1195.0,2007,114576.0,1.8,113,3.0,0,1,0,0,1,0,0,1,1,0
286,1250.0,2008,151000.0,1.6,107,3.0,0,1,0,1,0,0,0,1,1,0
287,1349.0,2005,101000.0,1.6,100,4.0,1,1,0,0,1,0,0,1,0,1
288,995.0,2009,128151.0,1.8,113,5.0,0,1,0,0,1,0,0,1,1,0
289,1450.0,2008,90000.0,1.6,100,3.0,1,1,0,0,1,0,0,1,0,1
290,1389.0,2007,129000.0,1.6,99,3.0,1,1,0,0,1,0,1,0,0,1
291,1340.0,2006,113000.0,1.6,99,4.0,1,1,0,0,1,0,0,1,0,1
292,1299.0,2006,94000.0,2.0,143,3.0,1,1,0,0,0,1,0,1,0,1
293,1300.0,2008,100200.0,1.6,99,5.0,1,1,0,0,1,0,0,1,0,1
294,1399.0,2007,88889.0,1.8,123,3.0,1,1,0,0,1,0,0,1,0,1
295,790.0,2006,86000.0,1.6,99,4.0,1,1,0,0,1,0,1,0,0,1
296,1495.0,2009,110000.0,1.6,99,3.0,1,1,0,0,1,0,0,1,0,1
297,600.0,2002,143000.0,1.6,99,4.0,0,1,0,0,1,0,0,1,0,1
298,549.0,2003,107200.0,1.6,99,4.0,0,1,0,0,1,0,0,1,0,1
299,800.0,2006,85535.0,1.6,99,8.0,1,1,0,0,1,0,1,0,0,1
300,1190.0,2004,84855.0,1.6,99,4.0,0,1,0,0,1,0,1,0,0,1
301,1400.0,2007,89000.0,1.8,123,2.0,1,1,0,0,1,0,0,1,0,1
302,995.0,2007,120000.0,1.6,89,2.0,0,1,0,0,1,0,0,1,1,0
303,750.0,2005,118000.0,1.8,113,4.0,0,1,0,0,1,0,0,1,0,1
304,795.0,2005,130000.0,1.6,99,7.0,1,1,0,0,1,0,0,1,0,1
305,895.0,2003,93000.0,1.6,99,1.0,0,0,1,0,1,0,0,1,0,1
306,595.0,2001,111000.0,1.8,113,3.0,0,1,0,0,1,0,0,1,0,1
307,990.0,2005,21000.0,1.6,99,4.0,0,1,0,0,1,0,0,1,0,1
308,700.0,2000,104591.0,1.8,113,1.0,0,0,1,0,1,0,0,1,0,1
309,1290.0,2006,111504.0,1.6,99,4.0,1,1,0,0,1,0,0,1,0,1
310,590.0,2004,112602.0,1.6,99,4.0,0,1,0,0,1,0,0,1,0,1
311,1495.0,2005,64000.0,1.6,99,3.0,1,1,0,0,1,0,0,1,0,1
312,1150.0,2004,101000.0,1.6,99,4.0,0,1,0,0,1,0,0,1,0,1
313,990.0,2006,145754.0,1.6,113,4.0,1,1,0,0,1,0,0,1,0,1
314,590.0,2002,83500.0,1.6,99,2.0,0,1,0,0,1,0,0,1,0,1
315,1500.0,2008,100000.0,1.6,99,3.0,1,1,0,1,0,0,0,1,0,1
316,1095.0,2005,124000.0,1.6,113,4.0,1,1,0,0,1,0,0,1,0,1
317,1390.0,2007,124000.0,1.6,108,2.0,0,1,0,0,1,0,0,1,1,0
318,1200.0,2007,103901.0,1.6,113,2.0,1,1,0,0,1,0,0,1,0,1
319,1190.0,2011,129000.0,1.6,108,2.0,0,1,0,0,1,0,0,1,1,0
320,990.0,2007,120000.0,1.6,99,3.0,1,1,0,0,1,0,0,1,0,1
321,1195.0,2007,114576.0,1.8,113,3.0,0,1,0,0,1,0,0,1,1,0
322,895.0,2006,123402.0,1.6,99,7.0,1,1,0,0,1,0,1,0,0,1
323,1349.0,2005,101000.0,1.6,100,4.0,1,1,0,0,1,0,0,1,0,1
324,995.0,2009,128151.0,1.8,113,5.0,0,1,0,0,1,0,0,1,1,0
325,1395.0,2007,102000.0,1.6,113,4.0,1,1,0,0,1,0,0,1,0,1
326,1490.0,2006,100000.0,1.6,99,4.0,1,1,0,0,1,0,1,0,0,1
327,1295.0,2008,115000.0,1.6,99,3.0,1,1,0,0,1,0,0,1,0,1
328,1495.0,2009,116000.0,1.8,113,3.0,0,1,0,1,0,0,0,1,1,0
329,695.0,2004,84000.0,1.6,100,4.0,0,1,0,0,1,0,0,1,0,1
330,890.0,2000,80000.0,1.6,99,3.0,0,1,0,0,1,0,1,0,0,1
331,1500.0,2008,138000.0,1.6,99,3.0,1,1,0,1,0,0,1,0,0,1
332,1498.0,2007,82000.0,1.8,113,3.0,0,1,0,0,1,0,0,1,1,0
333,690.0,2002,133000.0,1.6,99,3.0,0,1,0,0,1,0,0,1,0,1
334,1199.0,2007,128000.0,1.8,113,3.0,0,1,0,0,1,0,0,1,1,0
335,1225.0,2005,95811.0,1.6,99,4.0,0,1,0,0,1,0,0,1,0,1
336,1400.0,2009,124000.0,1.6,99,3.0,1,1,0,0,1,0,0,1,0,1
337,999.0,2004,88761.0,1.6,99,2.0,0,1,0,0,1,0,0,1,0,1
338,845.0,2004,106000.0,1.6,99,4.0,0,1,0,0,1,0,0,1,0,1
339,1350.0,2006,97095.0,1.6,99,4.0,1,1,0,1,0,0,1,0,0,1
340,1290.0,2006,86000.0,1.6,99,4.0,1,1,0,0,1,0,0,1,0,1
341,895.0,2006,96000.0,1.6,113,3.0,1,1,0,0,1,0,0,1,0,1
342,1295.0,2005,104000.0,1.6,113,4.0,1,1,0,0,1,0,0,1,0,1
343,600.0,2005,131000.0,1.6,99,6.0,1,1,0,0,1,0,0,1,0,1
344,1149.0,2007,100000.0,1.6,113,3.0,1,1,0,0,1,0,0,1,0,1
345,1495.0,2004,51671.0,1.8,113,4.0,0,1,0,0,1,0,0,1,0,1
346,1375.0,2007,95800.0,1.6,99,3.0,1,1,0,0,1,0,0,1,0,1
347,995.0,2008,132005.0,1.8,123,4.0,1,1,0,0,1,0,0,1,0,1
348,1490.0,2006,112500.0,1.6,99,3.0,1,1,0,1,0,0,1,0,0,1
349,1475.0,2008,111200.0,1.8,123,4.0,1,1,0,0,1,0,0,1,0,1
350,749.0,2004,102740.0,1.6,99,3.0,0,1,0,0,1,0,0,1,0,1
351,1395.0,2007,123835.0,2.0,134,2.0,0,1,0,0,1,0,0,1,1,0
352,850.0,2005,106000.0,1.6,99,5.0,0,1,0,0,1,0,1,0,0,1
353,549.0,2004,153767.0,1.6,99,5.0,0,1,0,0,1,0,0,1,0,1
354,999.0,2002,99000.0,1.6,99,3.0,0,1,0,0,1,0,1,0,0,1
355,600.0,2005,118000.0,1.6,108,4.0,0,1,0,1,0,0,0,1,1,0
356,1495.0,2005,70000.0,2.0,143,3.0,1,1,0,0,1,0,0,1,0,1
357,1499.0,2005,99000.0,1.6,99,4.0,0,1,0,1,0,0,1,0,0,1
358,1295.0,2005,137000.0,1.6,108,4.0,0,1,0,0,1,0,0,1,1,0
359,1495.0,2006,74000.0,1.6,99,3.0,1,1,0,0,1,0,0,1,0,1
360,1195.0,2004,109557.0,1.6,99,5.0,0,1,0,0,0,1,0,1,0,1
361,995.0,2005,122000.0,1.6,100,4.0,1,1,0,0,1,0,0,1,0,1
362,1295.0,2006,90000.0,1.4,79,3.0,1,1,0,0,1,0,0,1,0,1
363,1450.0,2005,90565.0,1.6,99,5.0,1,1,0,0,1,0,0,1,0,1
364,1490.0,2002,58678.0,1.6,99,3.0,0,1,0,0,0,1,0,1,0,1
365,695.0,2003,142000.0,1.6,99,4.0,0,1,0,0,1,0,0,1,0,1
366,699.0,2004,132000.0,1.8,113,8.0,0,1,0,0,1,0,0,1,1,0
367,1495.0,2008,103000.0,1.8,123,7.0,1,1,0,0,1,0,0,1,0,1
368,995.0,2008,180000.0,2.0,134,2.0,0,1,0,0,1,0,0,1,1,0
369,1250.0,2006,95000.0,1.6,99,2.0,1,1,0,0,1,0,0,1,0,1
370,1500.0,2007,92285.0,1.6,113,3.0,1,1,0,0,1,0,0,1,0,1
371,699.0,2001,98000.0,1.8,89,3.0,0,1,0,1,0,0,0,1,1,0
372,995.0,2005,91000.0,1.6,99,4.0,0,1,0,0,1,0,0,1,0,1
373,1495.0,2003,117000.0,2.0,171,3.0,0,1,0,0,1,0,0,1,0,1
374,1495.0,2007,67000.0,1.6,99,2.0,1,1,0,0,1,0,0,1,0,1
375,1395.0,2006,90000.0,1.6,99,2.0,1,1,0,0,1,0,0,1,0,1
376,1499.0,2004,101245.0,1.6,99,3.0,0,1,0,0,1,0,0,1,0,1
377,1495.0,2006,103251.0,1.6,99,1.0,1,0,1,0,1,0,1,0,0,1
378,1495.0,2006,83350.0,1.6,113,4.0,1,1,0,0,1,0,0,1,0,1
379,755.0,2004,93276.0,1.6,99,2.0,0,1,0,0,1,0,0,1,0,1
380,700.0,2001,152000.0,1.8,113,3.0,0,1,0,0,1,0,0,1,0,1
381,790.0,2005,147000.0,1.6,100,4.0,1,1,0,0,1,0,0,1,0,1
382,1000.0,2004,109412.0,1.6,99,4.0,0,1,0,0,1,0,0,1,1,0
383,999.0,2008,97000.0,1.6,99,3.0,1,1,0,0,1,0,0,1,0,1
384,1489.0,2005,116000.0,1.6,99,4.0,1,1,0,0,1,0,1,0,0,1
385,1000.0,2000,68000.0,1.8,113,3.0,0,1,0,0,1,0,0,1,0,1
386,1499.0,2011,133000.0,1.6,99,2.0,1,1,0,0,1,0,0,1,0,1
387,1290.0,2001,91181.0,1.8,113,3.0,0,1,0,1,0,0,0,1,0,1
388,990.0,2006,102117.0,1.6,99,4.0,1,1,0,0,1,0,0,1,0,1
389,620.0,2006,118200.0,1.6,99,4.0,1,1,0,0,1,0,0,1,0,1
390,1490.0,2006,76000.0,1.6,113,4.0,1,1,0,0,1,0,0,1,0,1
391,895.0,2005,105600.0,1.6,113,4.0,1,1,0,0,1,0,0,1,0,1
392,870.0,2001,80000.0,1.8,113,3.0,0,1,0,0,1,0,0,1,0,1
393,795.0,2003,131241.0,1.6,99,2.0,0,1,0,1,0,0,0,1,0,1
394,500.0,2005,162690.0,1.8,113,5.0,0,1,0,0,1,0,0,1,1,0
395,1399.0,2006,131219.0,2.0,143,1.0,1,0,1,0,1,0,0,1,0,1
396,1289.0,2006,139000.0,1.6,99,4.0,1,1,0,0,1,0,1,0,0,1
397,1485.0,2008,118000.0,1.6,89,3.0,0,1,0,0,1,0,0,1,1,0
398,1491.0,2006,109450.0,1.8,124,6.0,1,1,0,0,1,0,0,1,0,1
399,695.0,2001,134000.0,2.0,128,3.0,0,1,0,0,1,0,0,1,0,1
400,1299.0,2007,119436.0,1.8,123,3.0,1,1,0,0,1,0,0,1,0,1
401,695.0,2003,86000.0,1.6,99,4.0,0,1,0,0,1,0,0,1,0,1
402,590.0,2006,121000.0,2.0,143,4.0,1,1,0,1,0,0,0,1,0,1
403,1495.0,2008,93027.0,1.6,99,4.0,1,1,0,0,1,0,0,1,0,1
404,500.0,2005,100000.0,1.6,99,7.0,1,1,0,0,1,0,0,1,0,1
405,1495.0,2007,87551.0,1.6,99,3.0,1,1,0,0,1,0,0,1,0,1
406,950.0,2007,120000.0,1.6,113,4.0,1,1,0,0,1,0,0,1,0,1
407,989.0,2008,102000.0,1.8,123,3.0,1,1,0,0,1,0,0,1,0,1
408,1495.0,2008,117900.0,1.6,99,4.0,1,1,0,0,1,0,0,1,0,1
409,1499.0,2009,111462.0,1.6,99,3.0,1,1,0,0,1,0,0,1,0,1
410,575.0,2003,78000.0,1.6,99,5.0,0,1,0,0,1,0,0,1,0,1
411,695.0,2005,102000.0,1.6,99,3.0,1,1,0,0,1,0,0,1,0,1
412,999.0,2002,120000.0,1.6,99,3.0,0,1,0,0,1,0,0,1,0,1
413,695.0,2003,122000.0,1.6,99,4.0,0,1,0,0,1,0,0,1,0,1
414,1000.0,2004,79000.0,1.6,99,4.0,0,1,0,0,0,1,1,0,0,1
415,995.0,2005,100547.0,1.6,113,4.0,1,1,0,0,1,0,0,1,0,1
416,1150.0,2006,92530.0,1.8,113,2.0,0,1,0,0,1,0,0,1,1,0
417,1295.0,2003,98000.0,1.6,99,2.0,0,1,0,0,1,0,0,1,0,1
418,1495.0,2005,60000.0,1.6,99,4.0,1,1,0,0,1,0,0,1,0,1
419,1295.0,2005,63000.0,2.0,143,4.0,1,1,0,0,1,0,0,1,0,1
420,985.0,2003,120000.0,1.6,99,4.0,0,1,0,0,1,0,0,1,0,1
421,795.0,2008,144000.0,1.8,123,4.0,1,1,0,0,1,0,0,1,0,1
422,1495.0,2005,100418.0,1.6,99,6.0,1,1,0,0,1,0,0,1,0,1
423,1295.0,2006,89000.0,1.6,99,4.0,1,1,0,0,1,0,0,1,0,1
424,795.0,2005,116000.0,1.6,99,5.0,1,1,0,0,1,0,0,1,0,1
425,695.0,2004,99000.0,1.4,74,3.0,0,1,0,0,1,0,0,1,0,1
426,1400.0,2005,82000.0,1.6,99,5.0,1,1,0,0,1,0,0,1,0,1
427,1295.0,2008,135000.0,2.0,134,3.0,0,1,0,0,1,0,0,1,1,0
428,1295.0,2005,129987.0,2.0,143,7.0,1,1,0,0,1,0,0,1,0,1
429,1295.0,2002,105000.0,1.6,99,1.0,0,0,1,0,0,1,1,0,0,1
430,1495.0,1999,53550.0,2.0,128,3.0,0,1,0,0,0,1,0,1,0,1
431,1495.0,2007,92000.0,1.8,123,6.0,1,1,0,0,1,0,0,1,0,1
432,895.0,2004,122544.0,1.6,99,6.0,0,1,0,0,1,0,0,1,0,1
433,850.0,2001,79000.0,1.8,89,3.0,0,1,0,0,1,0,0,1,1,0
434,1495.0,2004,128464.0,1.6,99,2.0,0,1,0,0,1,0,1,0,0,1
435,650.0,2003,135225.0,1.8,99,3.0,0,1,0,0,1,0,0,1,1,0
436,690.0,2002,124000.0,1.6,99,3.0,0,1,0,0,1,0,0,1,0,1
437,1250.0,2005,155000.0,1.6,89,2.0,0,1,0,0,1,0,0,1,1,0
438,1499.0,2005,94000.0,2.0,143,4.0,1,1,0,1,0,0,0,1,0,1
439,1295.0,2007,104920.0,1.6,99,3.0,1,1,0,0,1,0,0,1,0,1
440,1289.0,2005,100000.0,1.6,108,4.0,0,1,0,0,1,0,0,1,1,0
441,1495.0,2005,112000.0,1.6,100,4.0,1,1,0,0,1,0,0,1,0,1
442,999.0,2006,119686.0,1.6,99,3.0,1,1,0,0,1,0,0,1,0,1
443,595.0,2003,120713.0,1.6,99,2.0,0,1,0,0,0,1,0,1,0,1
444,900.0,2006,108000.0,1.6,113,6.0,1,1,0,0,1,0,0,1,0,1
445,1495.0,2006,80000.0,1.8,113,4.0,0,1,0,0,1,0,0,1,1,0
446,1295.0,2007,127000.0,1.8,113,3.0,0,1,0,0,1,0,0,1,1,0
447,1495.0,2008,121340.0,1.6,113,3.0,1,1,0,0,1,0,0,1,0,1
448,1495.0,2008,121340.0,1.6,113,3.0,1,1,0,0,1,0,0,1,0,1
449,1150.0,2006,76000.0,1.6,101,4.0,1,1,0,0,1,0,1,0,0,1
450,1395.0,2005,92585.0,1.6,113,4.0,1,1,0,0,1,0,0,1,0,1
451,1495.0,2007,125783.0,1.8,113,4.0,0,1,0,0,1,0,0,1,1,0
452,1090.0,2008,142696.0,1.8,113,3.0,0,1,0,0,1,0,0,1,1,0
453,1250.0,2004,128246.0,2.0,171,4.0,0,1,0,0,1,0,0,1,0,1
454,1195.0,2007,120000.0,1.8,123,3.0,1,1,0,0,1,0,0,1,0,1
455,690.0,2004,158000.0,1.8,113,4.0,0,1,0,0,1,0,0,1,0,1
456,1390.0,2006,98500.0,1.6,99,3.0,1,1,0,0,1,0,0,1,0,1
457,950.0,2005,174000.0,1.6,108,2.0,0,1,0,0,1,0,0,1,1,0
458,1498.0,2007,90000.0,1.6,99,3.0,1,1,0,0,1,0,0,1,0,1
459,1275.0,2005,127000.0,1.6,101,4.0,1,1,0,0,1,0,1,0,0,1
460,795.0,2006,134000.0,2.0,134,4.0,0,1,0,0,1,0,0,1,1,0
461,1195.0,2006,123000.0,1.6,113,4.0,1,1,0,0,1,0,0,1,0,1
462,1495.0,2007,110741.0,1.6,99,3.0,1,1,0,1,0,0,0,1,0,1
463,1495.0,2007,95500.0,1.6,113,2.0,1,1,0,0,1,0,0,1,0,1
464,1475.0,2008,113211.0,1.6,108,3.0,0,1,0,0,1,0,0,1,1,0
465,1150.0,2004,84000.0,1.6,99,7.0,0,1,0,0,1,0,0,1,0,1
466,1495.0,2006,108000.0,1.8,113,3.0,0,1,0,0,1,0,0,1,1,0
467,787.0,2005,113000.0,1.6,99,3.0,1,1,0,0,1,0,0,1,0,1
468,787.0,2005,113000.0,1.6,99,3.0,1,1,0,0,1,0,0,1,0,1
469,1299.0,2004,78000.0,1.8,114,4.0,0,1,0,0,1,0,0,1,0,1
470,1300.0,2007,103326.0,1.8,113,2.0,0,1,0,0,1,0,0,1,1,0
471,1490.0,2005,56243.0,1.6,113,4.0,1,1,0,1,0,0,0,1,0,1
472,1500.0,2005,95000.0,1.8,113,2.0,0,1,0,0,1,0,0,1,0,1
473,1495.0,2008,98637.0,1.6,99,3.0,1,1,0,0,1,0,0,1,0,1
474,1500.0,2007,94000.0,1.6,99,3.0,1,1,0,0,1,0,0,1,0,1
475,1050.0,2001,95184.0,1.6,99,5.0,0,1,0,0,1,0,1,0,0,1
476,1485.0,2003,111000.0,2.0,128,7.0,0,1,0,0,1,0,1,0,0,1
477,650.0,2002,125000.0,1.6,99,2.0,0,1,0,0,1,0,1,0,0,1
478,1200.0,2006,197000.0,1.6,99,4.0,1,1,0,1,0,0,0,1,0,1
479,1195.0,2005,156000.0,1.6,108,4.0,0,1,0,0,1,0,0,1,1,0
480,1500.0,2003,110000.0,1.4,74,4.0,0,1,0,0,1,0,0,1,0,1
481,825.0,2006,124100.0,1.6,113,5.0,1,1,0,0,1,0,0,1,0,1
482,995.0,2003,94397.0,1.6,99,4.0,0,1,0,0,1,0,1,0,0,1
483,700.0,2006,106000.0,1.6,108,3.0,0,1,0,0,1,0,0,1,1,0
484,1095.0,2004,141000.0,1.6,99,3.0,0,1,0,0,1,0,1,0,0,1
485,1395.0,2005,130000.0,1.6,89,3.0,0,1,0,1,0,0,0,1,1,0
486,1500.0,2007,69154.0,1.6,113,4.0,1,1,0,0,1,0,0,1,0,1
487,1000.0,2006,133000.0,1.6,89,7.0,0,1,0,1,0,0,0,1,1,0
488,999.0,2006,66543.0,1.8,113,4.0,0,1,0,0,1,0,0,1,1,0
489,1499.0,2002,93000.0,1.8,113,3.0,0,1,0,0,0,1,0,1,0,1
490,995.0,2007,138000.0,1.6,113,2.0,1,1,0,0,1,0,0,1,0,1
491,595.0,2007,172000.0,1.8,123,2.0,1,1,0,0,1,0,0,1,0,1
492,1195.0,2002,103556.0,1.6,99,2.0,0,1,0,0,1,0,0,1,0,1
493,895.0,2005,110000.0,1.6,99,1.0,1,0,1,0,1,0,1,0,0,1
494,890.0,2004,115093.0,1.6,99,4.0,0,1,0,0,1,0,0,1,0,1
495,1399.0,2008,175000.0,1.8,113,3.0,0,1,0,0,1,0,0,1,1,0
496,825.0,2002,108930.0,1.6,99,3.0,0,1,0,0,1,0,0,1,0,1
497,1290.0,2009,125000.0,1.6,99,2.0,1,1,0,1,0,0,0,1,0,1
498,1290.0,2009,125000.0,1.6,99,2.0,1,1,0,1,0,0,0,1,0,1
499,1295.0,2006,108000.0,1.6,99,4.0,1,1,0,0,1,0,1,0,0,1
500,1291.0,2007,121023.0,1.6,99,1.0,1,0,1,0,1,0,1,0,0,1
501,1200.0,2007,82000.0,1.6,99,3.0,1,1,0,0,1,0,0,1,0,1
502,980.0,2007,95331.0,1.4,79,3.0,1,1,0,0,1,0,0,1,0,1
503,995.0,2007,109000.0,1.8,123,3.0,1,1,0,0,1,0,0,1,0,1
504,995.0,2006,160000.0,1.6,113,4.0,1,1,0,0,1,0,0,1,0,1
505,1495.0,2010,130000.0,1.6,108,3.0,0,1,0,0,1,0,0,1,1,0
506,1390.0,2008,100000.0,1.6,99,3.0,1,1,0,0,1,0,0,1,0,1
507,500.0,2006,145500.0,1.6,108,5.0,0,1,0,0,1,0,0,1,1,0
508,995.0,2006,117001.0,1.6,99,5.0,1,1,0,0,1,0,0,1,0,1
509,1500.0,2006,83184.0,1.6,99,3.0,1,1,0,0,1,0,1,0,0,1
510,1290.0,2007,96000.0,1.8,113,6.0,0,1,0,0,1,0,0,1,1,0
511,1150.0,2005,79128.0,1.8,113,5.0,0,1,0,0,1,0,0,1,1,0
512,910.0,2008,138000.0,1.6,89,4.0,0,1,0,0,1,0,0,1,1,0
513,1390.0,2007,103000.0,1.8,123,3.0,1,1,0,0,1,0,0,1,0,1
514,750.0,1999,75000.0,2.0,128,3.0,0,1,0,0,0,1,0,1,0,1
515,1495.0,2006,80000.0,1.8,113,4.0,0,1,0,0,1,0,0,1,1,0
516,995.0,2005,98000.0,1.6,99,4.0,0,1,0,0,1,0,0,1,0,1
517,1499.0,2005,118000.0,1.6,99,5.0,1,1,0,0,1,0,1,0,0,1
518,1499.0,2005,118000.0,1.6,99,5.0,1,1,0,0,1,0,1,0,0,1
519,1395.0,2007,104000.0,1.6,113,3.0,1,1,0,0,1,0,0,1,0,1
520,1490.0,2008,105000.0,1.6,99,3.0,1,1,0,0,1,0,0,1,0,1
521,1495.0,2006,95000.0,1.6,113,4.0,1,1,0,0,1,0,0,1,0,1
522,1495.0,2005,103000.0,1.6,99,4.0,1,1,0,0,1,0,1,0,0,1
523,1495.0,2009,73000.0,1.8,123,3.0,1,1,0,0,1,0,0,1,0,1
524,755.0,2004,130222.0,1.6,99,6.0,0,1,0,0,1,0,0,1,0,1
525,1395.0,2007,140639.0,2.0,143,3.0,1,1,0,1,0,0,1,0,0,1
526,1490.0,2008,112000.0,1.6,99,3.0,0,1,0,0,1,0,0,1,0,1
527,1314.0,2008,127977.0,1.6,113,3.0,1,1,0,0,1,0,0,1,0,1
528,1489.0,2006,126000.0,1.6,99,4.0,1,1,0,0,1,0,0,1,0,1
529,850.0,2004,141000.0,1.8,113,9.0,0,1,0,0,1,0,0,1,1,0
530,1295.0,2004,100991.0,1.6,99,3.0,0,1,0,0,1,0,0,1,0,1
531,1490.0,2005,84000.0,1.6,99,3.0,0,1,0,0,1,0,0,1,0,1
532,1395.0,2005,80853.0,1.6,99,4.0,1,1,0,0,1,0,0,1,0,1
533,1499.0,2007,77000.0,1.8,123,3.0,1,1,0,0,1,0,0,1,0,1
534,1295.0,2005,109000.0,1.6,113,4.0,1,1,0,0,1,0,0,1,0,1
535,1195.0,2005,101979.0,1.6,113,4.0,1,1,0,0,1,0,0,1,0,1
536,1200.0,2006,71000.0,1.8,123,4.0,1,1,0,0,1,0,0,1,0,1
537,500.0,2010,171000.0,2.0,134,5.0,0,1,0,1,0,0,0,1,1,0
538,795.0,2002,159646.0,1.6,99,3.0,0,1,0,1,0,0,0,1,0,1
539,1490.0,2005,79000.0,1.6,99,6.0,1,1,0,0,1,0,0,1,0,1
540,1295.0,2005,111078.0,1.6,113,5.0,1,1,0,0,1,0,0,1,0,1
541,1490.0,2008,90000.0,1.8,123,4.0,1,1,0,0,1,0,0,1,0,1
542,875.0,2005,73000.0,1.6,113,4.0,1,1,0,0,1,0,0,1,0,1
543,690.0,2006,121901.0,1.6,99,4.0,1,1,0,0,1,0,0,1,0,1
544,995.0,2006,92000.0,1.6,113,4.0,1,1,0,0,1,0,0,1,0,1
545,1375.0,2004,114000.0,1.6,99,3.0,0,1,0,1,0,0,0,1,0,1
546,1295.0,2006,125300.0,1.6,99,2.0,1,1,0,1,0,0,0,1,0,1
547,1495.0,2005,80000.0,1.6,113,4.0,1,1,0,0,1,0,0,1,0,1
548,1495.0,2005,85000.0,1.6,99,4.0,1,1,0,0,1,0,0,1,0,1
549,700.0,2003,77000.0,2.0,128,5.0,0,1,0,0,1,0,0,1,0,1
550,589.0,2002,130000.0,1.6,99,4.0,0,1,0,0,1,0,0,1,0,1
551,1500.0,2008,112000.0,1.6,99,2.0,1,1,0,0,1,0,0,1,0,1
552,999.0,2007,110000.0,1.6,99,4.0,1,1,0,0,1,0,0,1,0,1
553,995.0,2003,59411.0,1.6,99,4.0,0,1,0,0,1,0,0,1,0,1
554,995.0,2008,115000.0,1.8,123,3.0,1,1,0,0,1,0,0,1,0,1
555,1100.0,2007,108000.0,1.6,99,3.0,1,1,0,0,1,0,0,1,0,1
556,1150.0,2009,123000.0,1.6,99,3.0,1,1,0,0,1,0,0,1,0,1
557,1295.0,2007,94000.0,1.6,99,3.0,1,1,0,0,1,0,0,1,0,1
558,1295.0,2007,94000.0,1.6,99,3.0,1,1,0,0,1,0,0,1,0,1
559,509.0,2009,169530.0,1.6,108,2.0,0,1,0,0,1,0,0,1,1,0
560,1485.0,2008,99000.0,1.6,108,3.0,0,1,0,0,1,0,0,1,1,0
561,800.0,2006,99000.0,1.6,113,4.0,1,1,0,0,0,1,0,1,0,1
562,1195.0,2008,163000.0,1.8,113,2.0,0,1,0,0,1,0,0,1,1,0
563,950.0,2005,118000.0,1.6,99,7.0,1,1,0,0,1,0,0,1,0,1
564,1495.0,2007,92000.0,1.8,113,3.0,0,1,0,0,1,0,0,1,1,0
